Array A: [
  1, 2, 3, 4,  5,
  6, 7, 8, 9, 10
]
Array B: [
  10, 9, 8, 7, 6,
   5, 4, 3, 2, 1
]
Array C: [
  -0.1111111111111111,
  -0.14285714285714285,
  -0.2,
  -0.3333333333333333,
  -1,
  1,
  0.3333333333333333,
  0.2,
  0.14285714285714285,
  0.1111111111111111
]
Array C after swapping: [
  1,
  -0.14285714285714285,
  -0.2,
  -0.3333333333333333,
  -1,
  -0.1111111111111111,
  0.3333333333333333,
  0.2,
  0.14285714285714285,
  0.1111111111111111
]
Array C after bubble sorting: [
  -1,
  -0.3333333333333333,
  0.14285714285714285,
  0.2,
  0.3333333333333333,
  1
]